0 1 2 3 4 5 6 7 8 9 10 11 12 13 14 15 16 17 18 19 20 21 22 23 24 25 26 27 28 29 30 31 32 33 34 35 36 37 38 39 40 41 42 43 44 45 46 47 48 49 50 51 52 53 54 55 56 57 58 59 60 61 62 63 64 65 66 67 68 69 70 71 72 73
0 28
1 17
2 26
3 1
4 55
5 71
6 53
7 56
8 42
9 66
10 22
11 30
12 20
13 57
14 56
15 66
16 69
17 12
18 0
19 50
20 66
21 63
22 56
23 59
24 42
25 7
26 69
27 37
28 22
29 24
30 23
31 51
32 72
33 4
34 25
35 50
36 18
37 19
38 19
39 27
40 33
42 50
43 63
45 72
46 26
48 55
49 25
50 70
52 14
53 19
54 0
55 60
58 16
59 64
61 45
64 26
67 47
70 48
72 55
73 0